000010000000000000000000010000
000010000000000000000000010000
220010000000000000000000010022
000010000000000000000000010000
000010000000000000000000010000
220010000000000000000000010022
000010000000000000000000010000
000010000000000000000000010000
220010000000000000000000010022
000010000000000000000000010000
000010000000000000000000010000
220010000000000000000000010022
000010000000000000000000010000
000010000000000000000000010000
220010000000000000000000010022
000010000000000000000000010000
000010000000000000000000010000
220010000000000000000000010022