000000000000000000000000000000
000000000000000000000000000000
000000000000000000000000000000
000000000000000000000000000000
000000000000000000000000000000
000000000000000000000000000000
000000000011110000000000000000
000000000100001000000000000000
000000000000010000000000000000
000000000000100000000000000000
000000000001000000000000000000
000000000010000000000000000000
000000000111111000000000000000
000000000000000000000000000000
000000000000000000000000000000
000000000000000000000000000000
000000000000000000000000000000
000000000000000000000000000000